# ZND: DETONATION STRUCTURE CALCULATION
# CALCULATION RUN ON March 24, 2019

# INITIAL CONDITIONS
# TEMPERATURE (K) 300.0
# PRESSURE (atm) 1.0
# DENSITY (kg/m^3) 8.3836e-01
# SHOCK SPEED (M/S) 1967.85

# REACTION ZONE STRUCTURE

# Induction Times
# Time to Peak Thermicity =   3.8109e-07 s
# Distance to Peak Thermicity =   1.4438e-04 m

# Exothermic/Reaction Times
# Time of Reaction based on Thermicity Pulse Width =   8.5164e-08 s
# Length of Reaction based on Thermicity Pulse Width =   4.3831e-05 m
# THE OUTPUT DATA COLUMNS ARE:
Variables = "Distance (m)", "Velocity (m/s)", "Sound Speed (m/s)", "Gamma", "Weight (kg/mol)","c^2-U^2 (m/s)"
   0.00000e+00 	    3.65704e+02 	    8.95842e+02 	    1.31854e+00 	    2.09114e+01 	    6.68793e+05
   7.16484e-06 	    3.65705e+02 	    8.95842e+02 	    1.31854e+00 	    2.09114e+01 	    6.68794e+05
   1.43297e-05 	    3.65707e+02 	    8.95845e+02 	    1.31854e+00 	    2.09115e+01 	    6.68795e+05
   2.14946e-05 	    3.65713e+02 	    8.95849e+02 	    1.31853e+00 	    2.09115e+01 	    6.68800e+05
   3.08566e-05 	    3.65727e+02 	    8.95861e+02 	    1.31853e+00 	    2.09117e+01 	    6.68810e+05
   3.71408e-05 	    3.65745e+02 	    8.95875e+02 	    1.31852e+00 	    2.09119e+01 	    6.68823e+05
   4.34255e-05 	    3.65772e+02 	    8.95898e+02 	    1.31851e+00 	    2.09122e+01 	    6.68844e+05
   4.97107e-05 	    3.65815e+02 	    8.95933e+02 	    1.31850e+00 	    2.09127e+01 	    6.68876e+05
   5.59968e-05 	    3.65882e+02 	    8.95989e+02 	    1.31847e+00 	    2.09134e+01 	    6.68927e+05
   6.05444e-05 	    3.65955e+02 	    8.96050e+02 	    1.31845e+00 	    2.09142e+01 	    6.68982e+05
   6.50931e-05 	    3.66057e+02 	    8.96136e+02 	    1.31841e+00 	    2.09152e+01 	    6.69061e+05
   6.96433e-05 	    3.66204e+02 	    8.96258e+02 	    1.31836e+00 	    2.09166e+01 	    6.69174e+05
   7.41957e-05 	    3.66414e+02 	    8.96437e+02 	    1.31829e+00 	    2.09184e+01 	    6.69339e+05
   7.87513e-05 	    3.66722e+02 	    8.96698e+02 	    1.31820e+00 	    2.09209e+01 	    6.69582e+05
   8.22333e-05 	    3.67051e+02 	    8.96978e+02 	    1.31810e+00 	    2.09235e+01 	    6.69844e+05
   8.57190e-05 	    3.67497e+02 	    8.97359e+02 	    1.31798e+00 	    2.09267e+01 	    6.70200e+05
   8.92096e-05 	    3.68101e+02 	    8.97877e+02 	    1.31781e+00 	    2.09308e+01 	    6.70685e+05
   9.27070e-05 	    3.68920e+02 	    8.98580e+02 	    1.31759e+00 	    2.09361e+01 	    6.71344e+05
   9.58872e-05 	    3.69913e+02 	    8.99432e+02 	    1.31734e+00 	    2.09421e+01 	    6.72143e+05
   9.90772e-05 	    3.71216e+02 	    9.00550e+02 	    1.31701e+00 	    2.09498e+01 	    6.73188e+05
   1.02280e-04 	    3.72920e+02 	    9.02007e+02 	    1.31659e+00 	    2.09594e+01 	    6.74548e+05
   1.05281e-04 	    3.74967e+02 	    9.03751e+02 	    1.31610e+00 	    2.09708e+01 	    6.76166e+05
   1.08301e-04 	    3.77570e+02 	    9.05956e+02 	    1.31548e+00 	    2.09849e+01 	    6.78197e+05
   1.11200e-04 	    3.80695e+02 	    9.08583e+02 	    1.31475e+00 	    2.10017e+01 	    6.80594e+05
   1.14127e-04 	    3.84600e+02 	    9.11833e+02 	    1.31384e+00 	    2.10225e+01 	    6.83523e+05
   1.17086e-04 	    3.89469e+02 	    9.15838e+02 	    1.31272e+00 	    2.10484e+01 	    6.87073e+05
   1.20088e-04 	    3.95536e+02 	    9.20751e+02 	    1.31134e+00 	    2.10806e+01 	    6.91334e+05
   1.22733e-04 	    4.01985e+02 	    9.25882e+02 	    1.30990e+00 	    2.11148e+01 	    6.95667e+05
   1.26194e-04 	    4.12232e+02 	    9.33848e+02 	    1.30764e+00 	    2.11691e+01 	    7.02136e+05
   1.28363e-04 	    4.19822e+02 	    9.39602e+02 	    1.30600e+00 	    2.12094e+01 	    7.06601e+05
   1.31365e-04 	    4.31928e+02 	    9.48530e+02 	    1.30344e+00 	    2.12738e+01 	    7.13148e+05
   1.32555e-04 	    4.37254e+02 	    9.52364e+02 	    1.30233e+00 	    2.13021e+01 	    7.15805e+05
   1.34998e-04 	    4.49113e+02 	    9.60698e+02 	    1.29992e+00 	    2.13655e+01 	    7.21238e+05
   1.37511e-04 	    4.62522e+02 	    9.69795e+02 	    1.29726e+00 	    2.14373e+01 	    7.26576e+05
   1.39735e-04 	    4.75263e+02 	    9.78131e+02 	    1.29480e+00 	    2.15059e+01 	    7.30865e+05
   1.42023e-04 	    4.88996e+02 	    9.86789e+02 	    1.29223e+00 	    2.15803e+01 	    7.34636e+05
   1.44377e-04 	    5.03517e+02 	    9.95590e+02 	    1.28961e+00 	    2.16595e+01 	    7.37669e+05
   1.47450e-04 	    5.22526e+02 	    1.00658e+03 	    1.28630e+00 	    2.17641e+01 	    7.40169e+05
   1.50402e-04 	    5.40306e+02 	    1.01634e+03 	    1.28335e+00 	    2.18629e+01 	    7.41009e+05
   1.52589e-04 	    5.52900e+02 	    1.02295e+03 	    1.28133e+00 	    2.19333e+01 	    7.40733e+05
   1.54825e-04 	    5.65142e+02 	    1.02916e+03 	    1.27943e+00 	    2.20021e+01 	    7.39776e+05
   1.57755e-04 	    5.80109e+02 	    1.03644e+03 	    1.27719e+00 	    2.20864e+01 	    7.37690e+05
   1.60816e-04 	    5.94433e+02 	    1.04312e+03 	    1.27513e+00 	    2.21671e+01 	    7.34754e+05
   1.64854e-04 	    6.11403e+02 	    1.05067e+03 	    1.27279e+00 	    2.22621e+01 	    7.30092e+05
   1.70025e-04 	    6.30331e+02 	    1.05863e+03 	    1.27031e+00 	    2.23670e+01 	    7.23384e+05
   1.73775e-04 	    6.42414e+02 	    1.06347e+03 	    1.26879e+00 	    2.24330e+01 	    7.18274e+05
   1.77594e-04 	    6.53533e+02 	    1.06776e+03 	    1.26744e+00 	    2.24930e+01 	    7.13004e+05
   1.82520e-04 	    6.66404e+02 	    1.07253e+03 	    1.26594e+00 	    2.25613e+01 	    7.06224e+05
   1.87315e-04 	    6.77613e+02 	    1.07652e+03 	    1.26467e+00 	    2.26199e+01 	    6.99727e+05
   1.93499e-04 	    6.90508e+02 	    1.08091e+03 	    1.26326e+00 	    2.26861e+01 	    6.91572e+05
   1.99793e-04 	    7.02175e+02 	    1.08472e+03 	    1.26203e+00 	    2.27449e+01 	    6.83566e+05
   2.08285e-04 	    7.16076e+02 	    1.08904e+03 	    1.26062e+00 	    2.28134e+01 	    6.73251e+05
   2.16766e-04 	    7.28297e+02 	    1.09266e+03 	    1.25942e+00 	    2.28724e+01 	    6.63487e+05
   2.29104e-04 	    7.43806e+02 	    1.09700e+03 	    1.25797e+00 	    2.29453e+01 	    6.50161e+05
   2.41686e-04 	    7.57507e+02 	    1.10061e+03 	    1.25675e+00 	    2.30079e+01 	    6.37519e+05
   2.57129e-04 	    7.72134e+02 	    1.10423e+03 	    1.25550e+00 	    2.30728e+01 	    6.23126e+05
   2.77540e-04 	    7.88711e+02 	    1.10804e+03 	    1.25415e+00 	    2.31438e+01 	    6.05696e+05
   2.99733e-04 	    8.04116e+02 	    1.11132e+03 	    1.25297e+00 	    2.32074e+01 	    5.88435e+05
   3.27296e-04 	    8.20483e+02 	    1.11453e+03 	    1.25179e+00 	    2.32723e+01 	    5.68978e+05
   3.57250e-04 	    8.35717e+02 	    1.11725e+03 	    1.25075e+00 	    2.33301e+01 	    5.49833e+05
   3.94421e-04 	    8.51915e+02 	    1.11989e+03 	    1.24971e+00 	    2.33887e+01 	    5.28387e+05
   4.34783e-04 	    8.66998e+02 	    1.12209e+03 	    1.24880e+00 	    2.34406e+01 	    5.07408e+05
   4.84843e-04 	    8.83037e+02 	    1.12418e+03 	    1.24790e+00 	    2.34930e+01 	    4.84033e+05
   5.39163e-04 	    8.97962e+02 	    1.12589e+03 	    1.24713e+00 	    2.35389e+01 	    4.61295e+05
   6.06506e-04 	    9.13821e+02 	    1.12746e+03 	    1.24637e+00 	    2.35848e+01 	    4.36096e+05
   6.79560e-04 	    9.28560e+02 	    1.12869e+03 	    1.24572e+00 	    2.36247e+01 	    4.11717e+05
   7.70116e-04 	    9.44198e+02 	    1.12976e+03 	    1.24509e+00 	    2.36640e+01 	    3.84844e+05
   8.68370e-04 	    9.58710e+02 	    1.13053e+03 	    1.24456e+00 	    2.36976e+01 	    3.58976e+05
   9.90210e-04 	    9.74090e+02 	    1.13112e+03 	    1.24405e+00 	    2.37303e+01 	    3.30589e+05
   1.12253e-03 	    9.88364e+02 	    1.13146e+03 	    1.24364e+00 	    2.37579e+01 	    3.03344e+05
   1.28682e-03 	    1.00353e+03 	    1.13160e+03 	    1.24325e+00 	    2.37843e+01 	    2.73451e+05
   1.46569e-03 	    1.01772e+03 	    1.13153e+03 	    1.24295e+00 	    2.38062e+01 	    2.44604e+05
   1.68861e-03 	    1.03306e+03 	    1.13123e+03 	    1.24267e+00 	    2.38269e+01 	    2.12454e+05
   1.93300e-03 	    1.04797e+03 	    1.13071e+03 	    1.24246e+00 	    2.38439e+01 	    1.80261e+05
   2.22097e-03 	    1.06434e+03 	    1.12989e+03 	    1.24229e+00 	    2.38590e+01 	    1.43826e+05
   2.36027e-03 	    1.07232e+03 	    1.12940e+03 	    1.24224e+00 	    2.38651e+01 	    1.25665e+05
   2.58805e-03 	    1.08670e+03 	    1.12835e+03 	    1.24217e+00 	    2.38738e+01 	    9.22555e+04
   2.64122e-03 	    1.09061e+03 	    1.12802e+03 	    1.24217e+00 	    2.38757e+01 	    8.29997e+04
   2.73168e-03 	    1.09843e+03 	    1.12734e+03 	    1.24216e+00 	    2.38789e+01 	    6.43376e+04
   2.79652e-03 	    1.10596e+03 	    1.12662e+03 	    1.24217e+00 	    2.38811e+01 	    4.61278e+04
   2.82675e-03 	    1.11095e+03 	    1.12611e+03 	    1.24219e+00 	    2.38821e+01 	    3.39093e+04
   2.84230e-03 	    1.11457e+03 	    1.12572e+03 	    1.24220e+00 	    2.38827e+01 	    2.49895e+04
   2.85131e-03 	    1.11760e+03 	    1.12539e+03 	    1.24222e+00 	    2.38830e+01 	    1.74887e+04
   2.85604e-03 	    1.12003e+03 	    1.12512e+03 	    1.24223e+00 	    2.38832e+01 	    1.14204e+04
   2.85814e-03 	    1.12181e+03 	    1.12492e+03 	    1.24224e+00 	    2.38833e+01 	    6.98724e+03
   2.85891e-03 	    1.12292e+03 	    1.12479e+03 	    1.24225e+00 	    2.38833e+01 	    4.20310e+03
   2.85921e-03 	    1.12366e+03 	    1.12470e+03 	    1.24225e+00 	    2.38833e+01 	    2.34195e+03
   2.85926e-03 	    1.12388e+03 	    1.12468e+03 	    1.24226e+00 	    2.38833e+01 	    1.80264e+03
   2.85929e-03 	    1.12404e+03 	    1.12466e+03 	    1.24226e+00 	    2.38833e+01 	    1.37698e+03
   2.85932e-03 	    1.12430e+03 	    1.12463e+03 	    1.24226e+00 	    2.38833e+01 	    7.28715e+02
   2.85933e-03 	    1.12445e+03 	    1.12461e+03 	    1.24226e+00 	    2.38833e+01 	    3.69402e+02
   2.85933e-03 	    1.12450e+03 	    1.12460e+03 	    1.24226e+00 	    2.38833e+01 	    2.36075e+02
   2.85933e-03 	    1.12454e+03 	    1.12460e+03 	    1.24226e+00 	    2.38833e+01 	    1.23553e+02
   2.85933e-03 	    1.12456e+03 	    1.12460e+03 	    1.24226e+00 	    2.38833e+01 	    8.69639e+01
   2.85933e-03 	    1.12457e+03 	    1.12460e+03 	    1.24226e+00 	    2.38833e+01 	    6.09025e+01
   2.85933e-03 	    1.12458e+03 	    1.12459e+03 	    1.24226e+00 	    2.38833e+01 	    3.63574e+01
   2.85933e-03 	    1.12458e+03 	    1.12459e+03 	    1.24226e+00 	    2.38833e+01 	    2.69219e+01
   2.85933e-03 	    1.12459e+03 	    1.12459e+03 	    1.24226e+00 	    2.38833e+01 	    1.58761e+01
   2.85933e-03 	    1.12459e+03 	    1.12459e+03 	    1.24226e+00 	    2.38833e+01 	    1.15689e+01
   2.85933e-03 	    1.12459e+03 	    1.12459e+03 	    1.24226e+00 	    2.38833e+01 	    5.18536e+00
   2.85933e-03 	    1.12459e+03 	    1.12459e+03 	    1.24226e+00 	    2.38833e+01 	    3.67574e+00
   2.85933e-03 	    1.12459e+03 	    1.12459e+03 	    1.24226e+00 	    2.38833e+01 	    1.72853e+00
   2.85933e-03 	    1.12459e+03 	    1.12459e+03 	    1.24226e+00 	    2.38833e+01 	    6.06537e-01
   2.85933e-03 	    1.12459e+03 	    1.12459e+03 	    1.24226e+00 	    2.38833e+01 	    2.05008e-01
   2.85933e-03 	    1.12459e+03 	    1.12459e+03 	    1.24226e+00 	    2.38833e+01 	    4.38005e-02
   2.85933e-03 	    1.12459e+03 	    1.12459e+03 	    1.24226e+00 	    2.38833e+01 	    2.54565e-02
   2.85933e-03 	    1.12459e+03 	    1.12459e+03 	    1.24226e+00 	    2.38833e+01 	    1.82874e-02
   2.85933e-03 	    1.12459e+03 	    1.12459e+03 	    1.24226e+00 	    2.38833e+01 	    4.67958e-03
   2.85933e-03 	    1.12459e+03 	    1.12459e+03 	    1.24226e+00 	    2.38833e+01 	    1.27160e-01
   2.85933e-03 	    1.12459e+03 	    1.12459e+03 	    1.24226e+00 	    2.38833e+01 	    1.27866e-01
   2.85933e-03 	    1.12459e+03 	    1.12459e+03 	    1.24226e+00 	    2.38833e+01 	    1.74647e-01
   2.85933e-03 	    1.12459e+03 	    1.12459e+03 	    1.24226e+00 	    2.38833e+01 	    1.49218e-02
   2.85933e-03 	    1.12459e+03 	    1.12459e+03 	    1.24226e+00 	    2.38833e+01 	   -7.82936e-02
   2.85933e-03 	    1.12459e+03 	    1.12459e+03 	    1.24226e+00 	    2.38833e+01 	   -7.42652e-02
   2.85933e-03 	    1.12459e+03 	    1.12459e+03 	    1.24226e+00 	    2.38833e+01 	   -6.36875e-02
   2.85933e-03 	    1.12459e+03 	    1.12459e+03 	    1.24226e+00 	    2.38833e+01 	   -4.21470e-02
   2.85933e-03 	    1.12459e+03 	    1.12459e+03 	    1.24226e+00 	    2.38833e+01 	   -1.83205e-02
   2.85933e-03 	    1.12459e+03 	    1.12459e+03 	    1.24226e+00 	    2.38833e+01 	   -9.20040e-03
